time, radius of gyration
135000 12.47203
136000 12.39517
137000 12.52257
138000 12.61961
139000 12.81562
140000 12.81458
141000 12.82055
142000 12.79881
143000 12.89020
144000 12.69760
145000 12.46253
146000 12.44161
147000 12.44972
148000 12.57674
149000 12.37373
150000 12.54543
151000 12.71574
152000 12.53112
153000 12.42290
154000 12.48826
155000 12.35692
156000 12.16391
157000 12.29746
158000 12.53136
159000 12.46229
160000 12.58554
161000 12.47486
162000 12.55921
163000 12.55647
164000 12.35991
165000 12.28382
166000 12.41503
167000 12.58498
168000 12.63319
169000 12.69641
170000 12.79869
171000 12.60294
172000 12.55081
173000 12.47537
174000 12.67242
175000 12.98587
176000 12.92583
177000 12.93943
178000 12.80721
179000 12.75472
180000 12.74696
181000 12.82292
182000 13.03955
183000 13.02098
184000 13.15033
185000 13.02211
186000 13.04411
187000 13.01811
188000 13.04695
189000 12.94650
190000 13.03220
191000 12.92501
192000 13.02740
193000 12.90176
194000 12.98534
195000 12.96344
196000 12.90312
197000 12.91748
198000 13.20489
199000 13.08917
200000 12.99908
201000 13.22721
202000 13.13678
203000 13.00957
204000 13.02294
205000 13.11740
206000 13.19257
207000 13.16234
208000 13.30648
209000 13.48171
210000 13.44136
211000 13.40573
212000 13.64817
213000 13.65919
214000 13.60694
215000 13.61380
216000 13.50284
217000 13.51285
218000 13.58702
219000 13.52697
220000 13.44469
221000 13.34313
222000 13.19738
223000 13.35846
224000 13.42003
225000 13.46884
226000 13.52914
227000 13.41628
228000 13.33236
229000 13.32957
230000 13.52439
231000 13.50524
232000 13.38556
233000 13.25160
234000 13.27820
235000 13.37683
236000 13.31575
237000 13.49042
238000 13.20894
239000 13.30407
240000 13.29790
241000 13.56477
242000 13.62639
243000 13.57134
244000 13.40943
245000 13.26926
246000 13.58555
247000 13.57266
248000 13.57932
249000 13.38887
250000 13.24882
251000 13.28824
252000 13.23108
253000 13.26436
254000 13.23303
255000 13.28669
256000 12.99594
257000 13.28765
258000 13.38896
259000 13.41734
260000 13.38195
261000 13.48972
262000 13.53372
263000 13.62589
264000 13.28343
265000 13.42076
266000 13.54376
267000 13.32185
268000 13.05833
269000 13.09501
270000 13.04285
271000 13.06342
272000 13.13878
273000 13.13263
274000 13.13653
275000 13.24282
276000 13.32443
277000 13.21668
278000 13.30545
279000 13.11149
280000 12.98927
281000 12.76755
282000 12.74714
283000 12.76053
284000 12.95750
285000 12.93467
286000 12.86158
287000 12.82839
288000 12.77201
289000 12.69204
290000 12.83866
291000 12.92437
292000 12.91329
293000 12.91136
294000 12.89352
295000 12.97053
296000 13.04303
297000 12.92739
298000 12.74569
299000 12.76160
300000 12.90747
301000 12.92415
302000 12.94437
303000 13.04007
304000 12.95369
305000 12.76603
306000 12.77916
307000 13.04334
308000 13.03216
309000 13.06252
310000 12.86863
311000 12.62799
312000 12.82357
313000 12.84113
314000 12.84416
315000 12.95346
316000 13.03592
317000 13.03455
318000 13.22131
319000 13.47698
320000 13.29652
321000 13.48572
322000 13.22367
323000 13.38092
324000 13.56496
325000 13.70732
326000 13.77279
327000 13.65132
328000 13.43858
329000 13.34582
330000 13.42179
331000 13.41569
332000 13.53544
333000 13.56446
334000 13.81099
335000 13.77745
336000 13.82391
337000 14.06813
338000 14.00647
339000 13.99734
340000 13.85078
341000 13.71132
342000 13.50573
343000 13.46854
344000 13.41336
345000 13.24337
346000 13.20035
347000 13.22769
348000 13.22759
349000 13.42950
350000 13.41014
351000 13.31493
352000 13.58573
353000 13.58715
354000 13.53688
355000 13.63988
356000 13.64395
357000 13.54983
358000 13.65114
359000 13.75824
360000 14.02555
361000 13.83860
362000 14.02986
363000 14.04353
364000 14.11303
365000 14.25161
366000 14.40566
367000 14.33347
368000 14.31632
369000 14.53601
370000 14.52108
371000 14.48068
372000 14.67400
373000 14.44676
374000 14.50048
375000 14.73596
376000 14.39221
377000 14.57439
378000 14.49299
379000 14.53675
380000 14.60378
381000 14.70030
382000 14.87154
383000 14.75718
384000 14.79483
385000 14.68109
386000 14.79412
387000 14.83628
388000 14.91113
389000 15.05952
390000 14.89290
391000 14.79888
392000 14.72583
393000 14.54159
394000 14.40965
395000 14.29838
396000 14.27008
397000 14.40305
398000 14.51872
399000 14.45854
400000 14.47901
401000 14.35164
402000 14.33981
403000 14.36660
404000 14.71188
405000 14.41112
406000 14.29937
407000 14.34125
408000 14.37075
409000 14.48188
410000 14.22113
411000 14.22037
412000 14.15231
413000 14.27878
414000 14.37231
415000 14.28504
416000 14.35200
417000 14.59525
418000 14.48724
419000 14.61677
420000 14.54766
421000 14.46366
422000 14.50617
423000 14.32547
424000 14.42885
425000 14.10009
426000 14.34085
427000 14.37491
428000 14.33932
429000 14.31275
430000 14.34400
431000 14.44763
432000 14.55705
433000 14.26545
434000 14.27946
435000 14.23255
436000 14.32939
437000 14.39882
438000 14.28063
439000 14.25336
440000 14.18247
441000 14.17816
442000 14.04912
443000 14.05239
444000 14.03007
445000 13.79287
446000 13.93791
447000 13.83363
448000 13.81986
449000 13.83306
450000 13.76069
451000 14.08631
452000 14.31875
453000 14.19973
454000 14.25467
455000 14.15882
456000 14.33439
457000 14.43864
458000 14.30724
459000 14.16142
460000 14.16224
461000 13.94043
462000 14.00694
463000 13.85742
464000 13.83507
465000 13.79653
466000 14.04781
467000 14.04331
468000 14.05588
469000 13.93448
470000 13.70361
471000 13.48378
472000 13.49013
473000 13.53651
474000 13.59570
475000 13.56172
476000 13.58184
477000 13.61752
478000 13.68561
479000 13.69016
480000 13.80813
481000 13.82561
482000 13.64310
483000 13.68765
484000 13.68081
485000 13.83161
486000 13.95975
487000 14.04485
488000 14.22392
489000 14.10633
490000 13.84190
491000 13.72915
492000 13.60549
493000 13.47289
494000 13.70509
495000 13.76753
496000 13.79862
497000 13.73311
498000 13.57300
499000 13.50732
500000 13.34506
501000 13.42543
502000 13.42200
503000 13.24429
504000 13.53708
505000 13.51228
506000 13.68915
507000 13.54900
508000 13.33314
509000 13.32788
510000 13.19275
511000 13.25463
512000 13.22291
513000 13.34610
514000 13.30166
515000 13.27247
516000 12.97702
517000 12.95054
518000 12.97279
519000 12.99862
520000 13.22919
521000 13.28634
522000 13.19731
523000 13.43258
524000 13.47019
525000 13.51123
526000 13.41419
527000 13.45140
528000 13.39335
529000 13.42482
530000 13.28304
531000 13.18792
532000 13.44379
533000 13.43048
534000 13.28668
535000 13.15602
536000 13.18478
537000 13.13096
538000 13.23780
539000 13.25369
540000 13.09041
541000 13.27467
542000 13.13596
543000 13.30105
544000 13.34438
545000 13.44023
546000 13.55265
547000 13.69648
548000 13.59856
549000 13.66518
550000 13.75975
551000 13.78532
552000 13.82807
553000 13.81449
554000 13.53667
555000 13.55609
556000 13.55148
557000 13.40889
558000 13.34181
559000 13.21733
560000 13.15704
561000 13.17254
562000 13.21271
563000 13.14346
564000 13.33906
565000 13.60355
566000 13.83149
567000 13.90531
568000 13.77089
569000 13.82772
570000 13.74935
571000 13.78655
572000 13.99900
573000 13.95556
574000 14.04935
575000 14.08448
576000 13.92859
577000 13.92359
578000 13.71238
579000 13.79653
580000 13.88164
581000 13.94182
582000 13.62496
583000 13.64801
584000 13.74390
585000 13.62947
586000 13.59854
587000 13.62294
588000 13.61232
589000 13.67301
590000 13.73791
591000 13.86071
592000 13.87093
593000 14.00554
594000 13.96754
595000 13.88490
596000 13.77279
597000 14.05415
598000 13.91684
599000 14.02458
600000 14.04020
601000 14.08390
602000 14.09268
603000 14.07484
604000 14.08353
605000 14.08426
606000 14.21745
607000 14.05901
608000 14.24702
609000 13.97607
610000 14.12714
611000 14.09855
612000 14.09209
613000 14.19616
614000 14.12643
615000 14.38154
616000 14.24101
617000 14.26846
618000 13.97222
619000 14.12509
620000 13.74418
621000 13.90144
622000 13.96425
623000 14.39257
624000 14.30479
625000 13.87004
626000 13.82066
627000 13.90383
628000 14.04125
629000 13.94939
630000 13.92387
631000 13.94201
632000 14.12399
633000 14.07981
634000 14.12347
635000 14.19102
636000 14.07348
637000 14.11180
638000 13.87719
639000 14.04337
640000 14.08445
641000 13.86319
642000 13.85284
643000 13.77186
644000 13.83174
645000 13.86520
646000 13.63935
647000 13.67832
648000 13.70768
649000 13.77042
650000 13.76703
651000 13.85568
652000 13.99877
653000 14.19731
654000 14.19347
655000 14.07856
656000 14.26302
657000 14.31030
658000 14.20797
659000 14.32315
660000 14.39336
661000 14.20358
662000 14.18004
663000 14.17350
664000 13.95180
665000 14.24995
666000 14.13398
667000 14.07742
668000 13.93782
669000 13.86742
670000 14.16192
671000 14.09060
672000 13.91979
673000 13.98507
674000 13.79818
675000 13.51553
676000 13.22324
677000 13.19401
678000 13.11381
679000 13.39459
680000 13.50023
681000 13.84511
682000 13.90314
683000 13.85330
684000 13.91850
685000 13.93773
686000 13.72730
687000 13.60959
688000 13.67255
689000 13.82798
690000 13.73354
691000 13.83645
692000 13.97913
693000 13.72785
694000 13.70998
695000 14.00613
696000 13.98617
697000 13.90707
698000 14.10178
699000 14.20567
700000 14.30576
701000 14.08680
702000 13.76785
703000 13.56692
704000 13.51467
705000 13.67833
706000 13.73897
707000 13.90966
708000 13.90738
709000 13.96244
710000 13.98207
711000 13.68383
712000 13.69018
713000 13.72376
714000 13.71854
715000 13.62574
716000 13.49643
717000 13.52952
718000 13.42501
719000 13.43578
720000 13.53266
721000 13.65789
722000 13.70735
723000 13.63254
724000 13.65046
725000 13.49060
726000 13.60727
727000 13.70996
728000 13.62143
729000 13.54392
730000 13.67018
731000 13.77445
732000 13.81113
733000 13.78596
734000 13.64189
735000 13.66269
736000 13.70699
737000 13.81313
738000 13.75996
739000 13.83005
740000 13.63111
741000 13.71455
742000 13.97243
743000 14.11987
744000 13.96731
745000 13.81083
746000 13.66765
747000 13.53086
748000 13.61057
749000 13.84300
750000 13.92928
751000 13.81724
752000 13.89362
753000 13.69102
754000 13.78670
755000 13.89074
756000 13.86997
757000 14.09752
758000 14.18303
759000 14.20887
760000 14.08862
761000 14.17707
762000 14.21386
763000 14.10269
764000 14.14041
765000 14.33047
766000 14.49214
767000 14.21836
768000 14.28886
769000 14.08460
770000 14.29273
771000 14.22585
772000 14.21492
773000 14.19144
774000 14.22236
775000 13.99525
776000 14.02329
777000 14.00368
778000 14.13259
779000 14.07979
780000 13.86501
781000 13.91965
782000 13.70412
783000 13.40086
784000 13.38685
785000 13.37489
786000 13.42658
787000 13.37788
788000 13.19499
789000 13.17278
790000 13.15782
791000 13.24935
792000 13.35522
793000 13.50798
794000 13.47002
795000 13.42893
796000 13.41388
797000 13.18899
798000 13.11922
799000 13.33750
800000 13.50589
801000 13.43864
802000 13.54545
803000 13.77405
804000 13.70095
805000 13.73522
806000 13.61999
807000 13.69031
808000 13.92287
809000 13.75703
810000 13.81118
811000 13.72465
812000 13.56812
813000 13.72544
814000 13.60606
815000 13.73508
816000 13.71633
817000 13.65554
818000 13.59181
819000 13.37440
820000 13.09601
821000 13.54931
822000 13.44402
823000 13.67449
824000 13.64477
825000 13.53925
826000 13.71588
827000 13.53499
828000 13.46450
829000 13.45668
830000 13.59051
831000 13.65721
832000 13.51994
833000 13.62068
834000 13.64779
835000 13.75820
