time, number of proteins bound to the polymer
135000 34
136000 25
137000 30
138000 22
139000 30
140000 28
141000 33
142000 31
143000 33
144000 29
145000 32
146000 29
147000 36
148000 41
149000 40
150000 32
151000 32
152000 38
153000 39
154000 36
155000 40
156000 37
157000 35
158000 44
159000 32
160000 34
161000 33
162000 37
163000 29
164000 35
165000 34
166000 39
167000 38
168000 45
169000 36
170000 38
171000 46
172000 39
173000 43
174000 43
175000 40
176000 49
177000 50
178000 45
179000 48
180000 49
181000 52
182000 66
183000 58
184000 57
185000 66
186000 68
187000 80
188000 77
189000 74
190000 75
191000 73
192000 77
193000 73
194000 79
195000 91
196000 74
197000 74
198000 72
199000 75
200000 77
201000 76
202000 82
203000 74
204000 78
205000 87
