time, number of proteins in clusters
135000 39
136000 46
137000 45
138000 50
139000 60
140000 57
141000 54
142000 49
143000 45
144000 55
145000 56
146000 52
147000 56
148000 58
149000 60
150000 53
151000 61
152000 59
153000 60
154000 57
155000 58
156000 62
157000 60
158000 51
159000 64
160000 60
161000 60
162000 62
163000 55
164000 60
165000 64
166000 61
167000 66
168000 65
169000 66
170000 63
171000 69
172000 71
173000 77
174000 63
175000 62
176000 71
177000 79
178000 75
179000 75
180000 83
181000 83
182000 89
183000 88
184000 90
185000 89
186000 89
187000 94
188000 97
189000 90
190000 86
191000 92
192000 98
193000 98
194000 99
195000 97
196000 92
197000 97
198000 99
199000 100
200000 102
201000 106
202000 106
203000 107
204000 109
205000 104
